DBRep_DrawableShape

CASCADE Topology V3, (c) Open Cascade
Locations 0
Curve2ds 24
1 3.4966951235294923 0.15914085276054424 -0.96190553493558584 0.27338204377808811 
8 0 5.153882032022076
1 1.8896184244499801 -2.4447097141959282 -0.81288923692221338 0.58241831057756233 
1 -1.4608525294776071 1.5681196560659045 -0.41109257846913921 -0.91159360020109559 
8 0 3.400367627183861
1 1.2782400803501082 1.358800596878208 -0.34594594594594585 -0.93825444442515948 
1 -2.8587184250796094 -1.5316337112058875 0.96638628897084777 0.25709441940492062 
8 0 6.5764732189829527
1 -2.3596138530028115 -2.1453461738057484 0.59136366362751747 0.80640499585570558 
1 0.46881327174337939 -2.145346173805748 0.19611613513818402 0.98058067569092022 
8 0 5.4083269131959844
1 -0.16498714855506647 2.5581490624813248 0.37989670483711607 -0.92502891503666052 
1 -2.359613853002811 -2.1453461738057484 1 8.0091990905088082e-17 
8 0 2.8284271247461903
1 0.10189668500001625 -1.8316094420064837 -0.57186276940104008 0.82034929936763712 
1 1.2782400803501082 1.3588005968782078 -0.95476708852579228 -0.29735468159755263 
8 0 2.9261749776799064
1 -2.299916807747552 0.55700555181042333 0.72959740120709393 0.68387691301275466 
1 3.4966951235294923 -0.15914085276054413 -0.96638628897084777 0.25709441940492062 
8 0 6.5764732189829527
1 -1.5294734435232007 3.1579546850933582 0.59136366362751747 -0.80640499585570558 
1 -2.8587184250796094 1.5316337112058875 0.41109257846913921 -0.91159360020109559 
8 0 3.400367627183861
1 1.6832649543325831 -0.7292428785919145 -1 5.5511151231257827e-17 
1 -1.4608525294776071 -1.5681196560659045 0.96190553493558584 0.27338204377808811 
8 0 5.153882032022076
1 -2.299916807747552 -0.55700555181042288 0.81288923692221338 0.58241831057756221 
1 -0.46881327174337895 -2.1453461738057484 1 7.2956622994410879e-17 
8 0 2.8284271247461903
1 0.065792785726205505 1.5910553315060429 0.57186276940103997 -0.82034929936763712 
1 -1.5294734435232002 3.1579546850933586 0.19611613513818407 -0.98058067569092022 
8 0 5.4083269131959844
1 1.8896184244499801 2.4447097141959291 -0.37989670483711613 -0.92502891503666052 
1 0.065792785726205838 1.5910553315060425 -0.60929215517764379 -0.79294581759347338 
8 0 2.9261749776799064
1 -0.16498714855506558 -2.5581490624813239 -0.72959740120709393 0.68387691301275466 
Curves 12
1 2 -0.25 4.5 -0.77611400011626552 0.24253562503633297 -0.58208550008719906 
1 -2 1 1.5 0 -0.80873608430318844 -0.58817169767504618 
1 -2 -1.75 -0.5 0.60822873701576441 0.22808577638091165 0.76028592126970551 
1 0 0.25 -0.5 0.36980013081681939 -0.092450032704204849 0.92450032704204843 
1 -2 -1.75 -0.5 0.70710678118654746 0.70710678118654746 0 
1 -2 1 1.5 0.68348612617340876 -0.25630729731502827 -0.68348612617340876 
1 -2 0.25 -4.5 0.60822873701576441 0.22808577638091165 0.76028592126970551 
1 2 1.75 0.5 0 -0.80873608430318844 -0.58817169767504618 
1 2 -1 -1.5 -0.77611400011626552 0.24253562503633297 -0.58208550008719906 
1 -0 -0.25 0.5 0.70710678118654746 0.70710678118654746 0 
1 -2 0.25 -4.5 0.36980013081681939 -0.092450032704204849 0.92450032704204843 
1 -0 -0.25 0.5 0.68348612617340876 -0.25630729731502827 -0.68348612617340876 
Polygon3D 0
PolygonOnTriangulations 0
Surfaces 8
1 -0.44946532357492702 -0.39118456962163994 2.0035246558724014 -0.62007049552604687 -0.46144781062403473 0.63449073960804792 0.71518720240102407 -2.775557561562892e-17 0.69893294780100101 -0.32252107853577466 0.88716735629208376 0.33002156873428096 
1 0.18402144761778028 0.27887441109031325 2.0566872628976842 0.32111274682348284 0.9464375695850018 -0.033801341770892987 0.94697870031508269 -0.32129634474976027 0 -0.010860247558625306 -0.032009150699106155 -0.99942857138191088 
1 -1.3714231425786192 -0.17122927644791186 0.19105008445869609 -0.50697940041958223 0.50697940041958223 -0.69709667557692578 -0.80873608430318866 0 0.58817169767504607 0.29819093463106272 0.86195817041791589 0.41001253511771135 
1 0.17416189893689099 -0.58716398605688103 1.5226517699875441 0.66666666666666685 -0.66666666666666663 -0.33333333333333337 0.70710678118654746 0.70710678118654779 0 0.23570226039551589 -0.23570226039551578 0.94280904158206336 
1 0.44946532357492713 0.39118456962163994 -2.0035246558724014 0.62007049552604687 0.46144781062403473 -0.63449073960804792 -0.71518720240102407 2.775557561562892e-17 -0.69893294780100101 -0.32252107853577466 0.88716735629208376 0.33002156873428096 
1 -0.1741618989368911 0.58716398605688092 -1.5226517699875441 -0.66666666666666663 0.66666666666666674 0.33333333333333326 0.70710678118654757 0.70710678118654746 0 -0.23570226039551578 0.23570226039551584 -0.94280904158206347 
1 1.3714231425786192 0.17122927644791189 -0.19105008445869615 0.50697940041958234 -0.50697940041958245 0.69709667557692578 2.7755575615628907e-17 0.80873608430318844 0.58817169767504629 -0.86195817041791578 -0.29819093463106278 0.41001253511771119 
1 -0.18402144761778028 -0.2788744110903133 -2.0566872628976842 -0.32111274682348268 -0.9464375695850018 0.033801341770892862 -0.9469787003150828 0.32129634474976015 0 -0.010860247558625261 -0.032009150699106044 -0.99942857138191088 
Triangulations 0

TShapes 39
Ve
1e-07
2 -0.25 4.5
0 0

0101101
*
Ve
1e-07
-2 1 1.5
0 0

0101101
*
Ed
 1e-07 1 1 0
1  1 0 0 5.15388203202208
2  1 1 0 0 5.15388203202208
2  2 2 0 0 5.15388203202208
4 C0 1 0 2 0
0

0101000
+39 0 -38 0 *
Ve
1e-07
-2 -1.75 -0.5
0 0

0101101
*
Ed
 1e-07 1 1 0
1  2 0 0 3.40036762718386
2  3 1 0 0 3.40036762718386
2  4 3 0 0 3.40036762718386
4 C0 1 0 3 0
0

0101000
+38 0 -36 0 *
Ed
 1e-07 1 1 0
1  3 0 0 6.57647321898295
2  5 1 0 0 6.57647321898295
2  6 4 0 0 6.57647321898295
4 C0 1 0 4 0
0

0101000
+36 0 -39 0 *
Wi

0101100
+37 0 +35 0 +34 0 *
Fa
0  1e-07 1 0

0101000
+33 0 *
Ve
1e-07
0 0.25 -0.5
0 0

0101101
*
Ed
 1e-07 1 1 0
1  4 0 0 5.40832691319598
2  7 4 0 0 5.40832691319598
2  8 2 0 0 5.40832691319598
4 C0 4 0 2 0
0

0101000
+31 0 -39 0 *
Ed
 1e-07 1 1 0
1  5 0 0 2.82842712474619
2  9 4 0 0 2.82842712474619
2  10 3 0 0 2.82842712474619
4 C0 4 0 3 0
0

0101000
+36 0 -31 0 *
Wi

0101100
+30 0 -34 0 +29 0 *
Fa
0  1e-07 4 0

0101000
+28 0 *
Ed
 1e-07 1 1 0
1  6 0 0 2.92617497767991
2  11 3 0 0 2.92617497767991
2  12 2 0 0 2.92617497767991
4 C0 3 0 2 0
0

0101000
+38 0 -31 0 *
Wi

0101100
-29 0 -35 0 +26 0 *
Fa
0  1e-07 3 0

0101000
+25 0 *
Wi

0101100
-30 0 -26 0 -37 0 *
Fa
0  1e-07 2 0

0101000
+23 0 *
Sh

0101100
+32 0 +27 0 +24 0 +22 0 *
Ve
1e-07
-2 0.25 -4.5
0 0

0101101
*
Ve
1e-07
2 1.75 0.5
0 0

0101101
*
Ed
 1e-07 1 1 0
1  7 0 0 6.57647321898295
2  13 5 0 0 6.57647321898295
2  14 6 0 0 6.57647321898295
4 C0 5 0 6 0
0

0101000
+20 0 -19 0 *
Ve
1e-07
2 -1 -1.5
0 0

0101101
*
Ed
 1e-07 1 1 0
1  8 0 0 3.40036762718386
2  15 5 0 0 3.40036762718386
2  16 7 0 0 3.40036762718386
4 C0 5 0 7 0
0

0101000
+19 0 -17 0 *
Ed
 1e-07 1 1 0
1  9 0 0 5.15388203202208
2  17 5 0 0 5.15388203202208
2  18 8 0 0 5.15388203202208
4 C0 5 0 8 0
0

0101000
+17 0 -20 0 *
Wi

0101100
+18 0 +16 0 +15 0 *
Fa
0  1e-07 5 0

0101000
+14 0 *
Ve
1e-07
-0 -0.25 0.5
0 0

0101101
*
Ed
 1e-07 1 1 0
1  10 0 0 2.82842712474619
2  19 6 0 0 2.82842712474619
2  20 7 0 0 2.82842712474619
4 C0 6 0 7 0
0

0101000
+12 0 -19 0 *
Ed
 1e-07 1 1 0
1  11 0 0 5.40832691319598
2  21 6 0 0 5.40832691319598
2  22 8 0 0 5.40832691319598
4 C0 6 0 8 0
0

0101000
+20 0 -12 0 *
Wi

0101100
+11 0 -18 0 +10 0 *
Fa
0  1e-07 6 0

0101000
+9 0 *
Ed
 1e-07 1 1 0
1  12 0 0 2.92617497767991
2  23 7 0 0 2.92617497767991
2  24 8 0 0 2.92617497767991
4 C0 7 0 8 0
0

0101000
+12 0 -17 0 *
Wi

0101100
+7 0 -16 0 -11 0 *
Fa
0  1e-07 7 0

0101000
+6 0 *
Wi

0101100
-10 0 -15 0 -7 0 *
Fa
0  1e-07 8 0

0101000
+4 0 *
Sh

0101100
+13 0 +8 0 +5 0 +3 0 *
Co

1100000
+21 0 +2 0 *

+1 0 